-9978
-9980
-579
60
2555
8536
-9853
-5082
-7612
-9456
-9995
4928
8842
-508
225
-7032
-9912
-4605
-7408
-8247
-2486
-8184
-221
-5051
4619
-1110
182
-9590
5344
32
5340
-40
5344
-1602
-5013
-8356
-31
-697
-9666
-4582
5447
3577
5010
-9976
5168
81
8600
8205
-7002
-58
-8787
-9653
161
-4841
-4952
-4856
3764
-4509
9622
9883
3113
5464
5546
5065
-7513
4148
-2573
-1957
7585
6610
9794
-1887
-273
1648
9822
-4568
-4468
-323
-1220
-5267
-4664
-316
-9318
-1417
4851
-9516
381
5662
4977
8453
-5046
-9138
5391
5322
-4556
-5095
-5804
-3195
9237
4574
7326
593
-7407
-399
-4999
3761
-6089
5050
8925
-8504
9611
25
-108
-6062
-4971
372
5707
-5026
-4062
-5132
5781
-4488
-4965
-4399
-7701
-9316
-5436
2243
9234
8596
5051
-4479
2216
-5274
5339
6325
4986
-3432
-675
9945
750
-9930
366
9811
5830
-529
434
9592
4326
-4961
3441
678
9043
5322
5643
-5111
-4977
234
-4251
327
793
5810
-4863
1753
7982
-9133
-5178
-794
9724
-9091
-3350
-4879
5367
-4171
5613
4964
-4137
-4766
5817
6882
5333
9079
-9285
-7900
-1963
-4532
8074
-9242
-6486
-3622
8902
5830
-5534
2941
5605
-1891
-4811
-9892
2822
8021
-5130
924
-4681
5038
996
9241
6775
5049
-308
4834
-6085
1484
-5141
4381
5789
-9835
-9887
1102
6389
-9818
-9578
-4592
678
6062
3435
-6852
6359
8624
841
3943
9765
-4940
-40
9985
8528
1091
-2116
3592
9336
7478
-2702
-9088
-1594
-5013
-5641
-9191
-5166
8360
190
5520
4769
-4472
1126
-4431
5367
766
6073
945
-5317
1094
-2587
9474
-6737
5456
5104
-7391
174
1215
9767
-1075
-1022
-9319
-7648
-9779
39
-9558
4706
1156
7927
4682
-5245
6213
9699
-4920
-7365
-4402
731
-1081
-3984
5352
7674
5985
-6909
-4495
6172
-9878
-4278
8103
-8870
6030
9700
-8968
8965
6647
-19
2273
4791
-3557
4208
5695
5399
-460
-4485
9873
-9079
9814
4052
-9134
-9953
-9754
-1267
-1606
-4295
-549
-4010
1122
5419
-262
-1480
-4705
5991
4995
-9355
-8167
6218
-3775
-6807
-6011
1090
1191
9473
6380
6001
9988
9743
-4705
524
-2506
-3639
-5698
-4102
-4811
-7372
-7
-8691
78
9482
9754
4713
6275
9095
-6290
-3800
5482
-9817
-6146
-9672
5196
5676
5118
2473
-1331
-2796
5124
-9798
5698
4855
5299
5303
8978
4327
378
7577
-1099
-9306
9726
7815
438
-5821
793
2867
8403
6061
6147
-4
5758
4490
385
-3781
9087
-9782
-249
9702
8328
9162
-5537
-4400
4442
377
876
5526
-5636
1443
3575
-4396
1296
-4158
1337
-906
-384
6382
5513
1269
-9626
9141
5330
-8628
-4154
4078
1367
-3499
9833
4370
5041
7456
-3876
5063
-5842
-5126
-4870
-8053
204
876
171
521
6269
-1225
4118
5046
-9335
-4758
-7515
400
-9999
5868
-9373
9763
-8532
-9021
1812
-2813
-4261
-9449
-8930
785
8675
-2615
-3852
-2229
-4642
5420
9825
400
124
-9405
-9187
-7498
1459
-3510
-8705
-5720
-687
-4154
4049
8865
5535
4999
-9902
-4149
3283
6624
-9513
3030
-6264
9065
-7210
-4689
-1908
218
3759
-4834
-5936
9377
6596
9279
-5621
1544
-9559
-5567
-809
6454
8758
2360
-9060
7706
-6627
-1629
-3525
2923
-8490
524
5010
3988
-8564
-1747
9871
-8706
-3830
5789
5311
-5660
-2281
400
-5846
120
3713
9576
-7085
-1006
-7615
-9676
-6351
-4629
9224
3142
-3484
838
-8797
-4249
-5022
-2191
5513
-5774
-3741
6169
-5259
3198
4928
-1843
4712
-3064
400
3237
-5215
6132
5389
-5269
6930
8133
6355
-2894
-369
3093
120
-4617
1558
6363
2969
619
6445
5976
3487
5176
1504
-3887
7199
6732
4866
587
434
-5009
2078
6332
8969
5420
-5193
160
-3574
5394
752
-509
-9212
-4483
5625
1798
1160
6656
-1547
-941
2431
314
-4468
1155
-2623
4567
171
-4149
-7045
-2551
6787
1151
1372
-9574
-2484
-8633
3648
-3744
5399
1372
4903
-386
4315
314
-8916
-3475
6581
-2935
5325
1185
-9907
-5639
378
-8795
369
1017
-8171
1117
-9798
-1176
-9344
3898
-4361
-4295
-2866
-8149
-8475
-22
8673
861
-4975
-9231
-3574
978
7963
-4977
2384
9603
8485
-4254
-8666
6790
4814
-5570
927
1806
-221
-4468
-9670
-4090
-8577
5669
-9598
-9639
-1197
3604
-3609
-9738
-4519
5446
9240
-9442
-6072
-5391
-9450
9639
-8972
-5169
265
-3876
8272
-9617
1700
-3854
3294
-5753
-9693
211
1252
9458
6283
-9788
3983
-6321
4304
495
456
456
-8417
-1194
-8972
-824
-7866
-3704
7516
-1921
5375
-8107
6127
-8539
-3338
-4056
8019
-9543
-381
5003
4847
3087
5632
-8820
-5782
-207
-4439
-6283
1746
-9952
-5091
6343
-3119
-4758
6001
-9675
1050
419
-1652
-9406
-367
894
-557
-7503
5235
-5512
1348
5245
-4800
-3900
5908
-7737
9985
4652
9542
670
-8695
5235
-8859
5193
-6454
9854
587
-9108
-3058
4079
-5384
8843
8490
-3712
7910
263
-202
-4931
6971
5269
-8330
-4519
-9188
6502
564
744
-7200
-5978
6343
385
-5282
-24
1899
-5363
66
5526
-8826
8846
-8527
5531
4678
5311
-660
6028
-4619
-4342
568
6102
-115
-8557
5385
-841
-7034
-8217
362
-1681
-166
-3331
-3443
-9356
-5077
5622
1564
-8502
-3814
8169
-4026
-2272
-9375
-4554
-4352
-4187
5542
-593
-3092
1037
1363
4497
1391
16
-3741
-5264
1810
8868
1987
-9887
-3809
6045
5559
3086
7541
1504
1361
6985
6490
4476
1703
936
1168
-4704
-3368
-9375
-3330
-112
-3279
5390
1986
1810
375
1498
-6575
597
-1261
-3116
3492
-7109
8107
-9640
6547
572
-402
6004
2149
-5030
2164
1496
-4699
-8486
6213
4542
6026
-4931
5435
-4910
2489
-4982
5437
2670
62
-3437
-2025
-8892
-8577
-117
3567
501
2849
-2821
5568
-5345
1602
6780
823
-9233
-9648
649
-4758
2228
9910
6404
9405
7373
-9087
-282
6587
5380
-6577
8062
-6786
237
4181
-401
899
-4728
895
-530
-3337
7928
-2809
-8086
5390
8000
6465
5370
6391
6287
-5519
-3276
-9310
-9376
9965
9048
-6672
-3196
-3228
180
-4585
-9132
-8723
-9080
5914
6131
-3581
332
-8545
-9376
5958
-8023
-5746
-8963
6305
-5348
-9798
9424
4480
-2938
2035
-3147
-9409
2051
5380
-9727
6912
-5126
6045
1105
7269
778
-7708
4064
-7896
1163
7325
-8956
9681
6582
5336
2172
-9913
2017
-1660
7083
265
1646
7253
1076
-3569
-6822
6880
5235
-8821
-8937
9711
5615
6234
9229
6529
-3893
-4957
-9790
2276
4011
597
-5431
9113
-9194
-4619
-6211
5674
2255
-9695
6673
-7534
-2884
-7919
1285
8906
-9617
-9684
2359
-3160
1234
6080
2322
-7827
-2533
5859
-7926
3833
1983
-150
-2279
-1435
6716
950
7994
9488
5945
-9157
709
-3016
-3929
-9215
6319
-8108
-383
9337
-5604
5394
5292
1505
-5889
164
8134
-9572
-5306
-1648
2282
7171
-8216
-1777
9036
2743
7521
-8972
691
5960
-9281
-4461
5459
-7305
2934
-5747
-7969
-3487
5539
-9194
2165
-5234
-7744
4025
495
1172
2326
-6723
-4619
5531
4968
-9995
-3216
-6945
1201
-3771
-2101
7044
-6840
-1408
7051
-2927
1172
-2754
3734
1326
7316
-4149
1994
-6239
9003
933
-9208
1151
7226
1242
5278
-9289
-4461
-9252
5559
-8368
2220
-9644
7212
7445
993
1447
6273
-3309
-9727
6556
-9691
1555
-2923
1150
495
-4390
-2336
-1940
-3215
9348
-3869
-3794
190
-3022
-3026
-9648
-9100
6741
6946
6718
3519
-9089
1497
-4968
-7932
-1418
-1935
2182
6005
1249
-4924
6397
5674
9965
-7554
-153
-7855
1409
3878
1579
7256
1919
1805
5948
8815
-2466
3516
-3917
6572
-8587
5466
178
6831
5239
9692
6216
3336
-9974
-992
2128
6806
7544
5649
-1638
1072
-5046
8888
-112
-796
9757
-4452
-7692
-4910
873
7240
9968
7017
3180
-777
-9111
1206
-7995
7407
-6596
375
6424
1354
-3474
1267
2299
-7716
2541
-4808
-7574
-8077
-4149
5477
7227
-3643
913
2598
1327
2233
3623
3803
1723
-7929
1683
4013
173
7386
-4964
7548
-7370
3712
-7434
169
3210
4513
8487
-3022
-1224
-7460
-9198
-9579
-7588
9030
2741
-1587
-8373
6877
-9902
5503
411
5380
5571
718
2296
-167
-9975
-4009
4045
-318
-4149
-900
-9702
6474
-2488
2505
545
5660
-4390
5901
5119
918
-3995
2561
-8644
-2516
5238
6734
641
7627
-1833
5935
8489
-3541
-6780
4670
8254
-2645
1467
-3147
-6275
-3741
-7588
-5436
-2360
7527
7437
-8004
6836
5559
-8763
-7742
6831
9583
-4390
7903
6770
-7895
-609
-9194
-2641
2881
-7793
-4808
1998
-9825
953
-9163
5895
-3228
6566
-6186
1700
-2020
-2309
9708
-3930
624
-1437
-8139
-5002
7462
4928
1339
1233
-8668
8370
5435
1226
1326
8267
385
5304
8656
-9736
-9000
4157
-3139
5967
-7703
-2509
-8208
5993
-8833
2058
987
7650
2109
-5938
-2360
-4191
1937
2021
2583
-6084
2548
4410
-2852
-4352
6116
-2293
-3490
-8975
7652
-4127
2568
6247
-5307
-8826
451
8390
-1274
-3574
-1186
7650
3740
6361
2029
-2798
-4354
6932
7726
-9607
-9323
1004
-6796
-8512
5164
6525
2452
-4529
1000
7441
1861
6183
4908
8510
9841
-7572
1299
8421
5569
9814
-3980
2362
6343
-3168
6855
-1290
9610
2505
-3022
6246
-2544
7720
6656
2627
6045
-4697
-8438
5657
2626
-3997
5790
-7147
-98
3879
2884
7546
-3273
-1920
-2458
5377
-4957
-8603
-3997
-1723
2744
-2419
2109
4530
6391
-5080
4036
-2779
325
-9761
-2492
2401
7546
5615
1000
-2693
-6093
-9329
5057
6318
-2618
-4433
6005
-9644
-3911
6505
4667
-9143
1409
2250
-8823
656
-295
2164
2799
-7756
2861
-489
-3820
9846
4785
-3758
6524
5644
899
-3794
-9329
7783
6442
1683
-8470
2620
-9208
-3929
6848
-8475
2727
-1056
4053
-2893
2352
1072
3536
3939
5511
1172
2521
6986
-4053
-1778
-9777
5602
-8291
3106
-9121
-7781
-175
-9383
-4353
-9121
-9198
-2197
4557
5859
2616
6718
7591
-8078
5705
6571
-2360
7047
-2990
2866
-4200
1219
-9540
2933
-2265
7717
2827
-925
5660
-8833
-2816
-803
-8028
-8977
2523
747
1882
-5051
393
803
7766
-4693
-5460
8174
-9332
-532
-9080
987
8206
-9432
-781
-9163
9822
-7014
7197
-7106
-3372
5181
-8519
2164
186
-1035
1255
5206
6361
-7734
4441
-1503
-4452
4617
-1129
-7872
-6820
5163
2070
-2626
7598
-214
-9616
6826
-8817
-9080
7821
6906
6995
1505
6969
-5216
5380
-7159
-9801
-1564
171
-8821
-3911
7226
-2320
-3492
3405
-7782
-9379
4473
-9676
-9372
7496
5790
8386
-5246
1212
9479
5265
-2748
2826
461
-3744
7740
6955
788
-8216
5176
-7863
1845
6287
545
-2034
-7904
-4845
5430
2671
4775
-254
7138
8574
884
7484
4160
8002
2842
-7216
8630
-7938
-8129
9174
6669
-7508
3782
-3929
6996
4038
-4450
-6947
8006
-9152
8034
1326
-1378
1983
7399
6836
-7834
-9227
-4055
-3437
-1477
-3168
-891
5568
-4100
-6956
9
-8172
-8347
1138
-3883
2295
-4127
-7556
-7872
-6108
5565
-2875
3041
-2487
4357
7694
-1424
386
6976
-9423
-72
-3291
-3211
4805
-8827
-3395
7461
-7677
-6913
9301
157
-2606
71
2188
-4246
1047
-857
8038
1242
7325
2901
497
-5461
-3230
8216
6901
1061
9482
1176
2427
9209
9422
122
3921
-1268
1496
-4078
6618
-7466
-1231
-8024
-2893
-9277
71
9119
8796
-3183
-2262
5096
2036
7741
-4533
-5184
-7358
692
803
7389
9904
-5083
-3744
6424
4858
2760
-552
7460
-2723
1176
4376
-1942
-4613
-5935
5010
-4104
-7224
-2156
-3045
1280
-5130
7498
-7047
7087
-8709
601
-4288
1233
-171
7944
2041
-7190
-2448
7617
5287
2745
-1825
5528
-7040
3212
7788
2198
-1686
5453
4896
5879
-5275
-415
2979
7704
-7040
7985
-8949
5648
-9864
-7311
576
9961
889
9147
-8073
-7197
-560
6237
510
7319
2971
-3911
8792
-8142
913
-6231
-7753
-6117
5092
5010
-5825
3804
-5544
122
-8512
-7094
-3437
7380
576
-9760
5942
-339
-5485
-2362
2305
8165
947
-7015
7714
-9993
-6192
308
7886
-589
-7405
-5337
9780
5397
-7882
-8645
-4421
3363
3954
6473
942
6894
6361
6338
-8174
3541
-8661
7306
5674
-160
4323
-9451
-6190
-4167
-8962
2073
-7399
2873
7789
6764
308
8914
7240
-460
273
5978
-2294
8953
-9152
-4739
1940
-3099
-8713
1852
6712
-2374
-9738
6978
-7235
-1769
8075
-7046
2406
-4301
9689
3884
308
-8304
-6512
-3228
-8498
-2946
736
-4613
-4147
7790
-2827
-7962
7133
-2730
1004
-3883
-2257
5934
-3217
3972
6262
9709
-849
-8712
-7140
-7715
-3837
809
-2909
-4515
-8644
-3576
-7241
2016
2109
1555
-9350
3744
-1948
-3444
2918
7467
9848
3836
6857
-4147
6035
8166
-2508
-6445
-4471
-7907
2387
4316
-4844
-4473
1505
-2306
-9771
1886
1507
-7729
-2194
5610
-7953
8137
1631
-8618
7809
-386
0
7414
6066
6442
8157
1987
2119
-5867
7852
-7964
-9540
-2824
-1400
2842
-8307
2119
-1610
-1932
-7580
-2621
-3177
-2989
-2964
-3200
-3758
3121
4047
9052
-5421
-2873
6300
1784
5239
-9215
-399
-1737
-6382
3058
4355
-5050
2472
4308
-6964
-6843
-6328
-6068
-6991
-8105
8027
78
-380
-4607
7847
3569
2616
-4339
157
-4306
-3335
-5268
545
-3642
-1278
5260
-3762
-3585
-7971
-3911
-4617
6348
164
-6718
-7375
-7790
5130
-3833
1895
-3897
2151
-3083
-7532
-1043
6229
5162
-4377
333
-8677
-7277
-7008
-2394
-7035
169
-1840
6571
-4082
1566
-6766
-7666
-2717
3347
-9763
1987
4186
-1748
8240
-8977
-772
-9202
-7522
5824
2521
7365
6575
-6632
2226
1280
-6799
2971
8335
-6095
2550
-521
-2280
-4467
8157
-9540
5176
2943
-2589
-2914
9594
7699
-2535
4887
6122
-9553
-1949
-5394
-6645
-2141
2121
2701
5967
4010
-4725
-7530
7877
-9272
5824
2885
9985
3376
9341
2358
-213
-4885
-723
-7835
8990
2219
9037
-9442
-2078
5858
-136
1893
8738
-7112
1836
9457
-2316
494
120
-4585
1065
-6599
-1245
-967
-1165
-5890
-8949
-2266
2546
-9450
-6104
7295
8475
6361
-9836
-3196
-694
-8025
7905
3290
746
-1641
-2252
6032
-100
-4732
5648
-8304
2121
7887
-4573
3019
-3356
-4529
8420
-3402
-3911
5359
9512
-2809
-9658
1512
-2634
-3833
-2498
-8348
6613
8308
-2458
5536
-2232
6457
-3368
2943
-2718
-7017
1566
7342
-7124
-2394
8775
9097
-7967
3052
-1619
8207
-7458
6515
8894
-6947
192
39
2901
6474
3386
3287
-3121
6876
-3028
-3143
-9308
8638
-567
7748
3953
5567
1293
-2491
8229
9505
-2160
-7171
3160
-3930
-5475
3936
1991
-8180
3867
-7508
1339
-6932
5791
7482
1043
5164
1205
6743
-9041
-7148
-742
8112
6338
-9408
1121
-732
6183
6098
-8585
-1831
-2555
8207
-1593
-2252
1537
-7082
-5043
905
1255
-8415
1469
8096
-7269
-345
1511
-2991
6893
-6633
3052
3630
-6528
-6933
8024
8085
-3205
6734
5150
3440
6250
3248
6893
-98
2457
-4147
-9684
3342
-2063
3029
3378
-8174
-7283
-6548
6876
9024
6321
3384
-1562
-5177
-7051
7284
1320
-7252
124
-1929
-1880
9543
1845
-9750
5858
1469
8092
8071
1846
8113
-840
2254
-3368
8367
-6282
6385
-1967
6560
-3139
-7357
-7027
6588
2397
434
-532
-3629
-8643
3199
-2931
805
1121
3255
8070
-3224
7690
-2056
5153
-6571
3387
-9695
7036
4694
-3490
3989
-2106
5528
8816
-4125
7508
3916
-3389
51
1871
7581
-137
-199
-4147
8466
-342
-2840
9354
-4863
9681
2368
3863
742
-549
-4807
7366
-9957
-4940
-1096
4497
-7573
3333
8366
3798
-3762
-9085
8397
4839
-2475
1861
-9957
3531
5548
-5081
6183
6575
-3820
-8665
1210
3451
-2360
6906
-1460
-6652
7210
-1991
-8172
5115
992
3290
-2479
-340
3104
-2642
6853
3300
5571
7538
-6892
-2054
8038
-6519
6636
5080
-6858
-9837
1392
3384
-6271
8441
-9202
1061
-2657
1479
8012
-4770
8831
-8519
1631
3577
-6608
-3762
8592
-7261
-9811
-9202
169
2986
5790
7786
-3960
2625
7486
-5818
6385
7964
-3022
-7409
3458
-8212
-93
-8725
7742
2773
-6513
-1359
-4094
-7932
-6205
-8299
-1491
8465
-9350
-6635
-7182
-4387
8610
3563
6256
6000
3839
5952
-2460
-5393
1125
5466
-40
-4805
-3178
-5002
-4589
7291
1007
1843
2946
6707
3264
5206
-1669
-40
-8962
-2266
3666
-1379
-8269
8207
-6896
-8928
6877
-6504
3264
7932
1660
3441
-6886
2986
9726
807
-3820
1961
-3752
-3758
-7440
2610
-7539
-7881
1493
6410
-7917
2806
-8112
-5753
-8436
-5460
5183
5747
3667
1550
-4214
5260
2419
-6316
-2886
-1711
-1678
638
-4420
-5378
1881
-3492
3172
1526
-872
9286
-1358
5867
-1673
-645
-5701
5728
-2543
-7159
-5434
-3260
-5492
-6933
-4940
-7184
-5680
-1193
2530
-4607
1222
-9063
9249
1049
6978
-2204
1205
7166
-2851
-1677
2016
1893
8506
-2479
1707
-7556
6764
-4410
6515
4035
2574
3900
8466
7068
-7318
-3461
-8893
5406
2790
-6792
-1386
171
-802
-8819
6948
-3303
-3442
-3142
-9621
-2823
5928
-6567
4224
-9616
1369
5567
5200
-98
-3389
-1826
3276
1497
-6452
-2768
4632
1007
8629
1109
-297
6588
-9501
8207
8485
6836
3587
3614
3056
9841
-4122
-489
-6535
-3260
-1704
-3762
6970
2297
-1679
1723
-8634
7704
-8414
-8347
-7132
-6687
8582
-6744
571
4444
2446
-2962
6575
-7962
2010
7971
-5913
314
787
-2417
-4387
3019
5407
7156
-7325
-3867
9406
5385
222
4704
845
2054
-8890
-3395
809
-3248
1421
6908
9646
-175
-1272
-1218
-7351
-8315
-8576
-4884
8039
-7962
1280
6966
7000
-7991
7998
3794
-2494
-2833
-2627
3018
5808
3120
-3611
-1298
9770
-2654
2229
-9308
-1834
-9368
5559
-1996
-8806
3696
8685
-5586
2121
-4100
1647
-6859
8735
3588
9030
3240
-105
-1230
8334
-1908
7620
-2948
-6465
1421
7053
7847
200
7363
4606
1093
9915
4953
-9826
-1264
1493
9272
-9782
7453
2520
1121
5923
-9116
5320
2064
-421
-8038
-1260
4584
8750
-6687
1674
7776
-8350
-1942
-1323
6690
-841
8478
5559
-5540
-726
-9308
2314
7738
-9818
-2847
-8223
-6421
2617
1469
-6184
3441
2191
-9462
3909
7598
-6550
-7068
-9114
6831
4158
-8717
-4318
-6942
-3444
-9103
-859
3731
7982
-8565
-5350
6955
-9565
3719
-8611
-6284
-3023
8344
-7309
-2312
3878
-5799
222
6588
6098
8106
-7138
1616
8579
-6154
2790
4839
-6209
-3902
-8350
7914
840
8364
-6863
7104
4670
-9004
494
-6852
-1945
-7637
5350
9326
-1230
3578
-3684
3857
5723
-8934
-6135
-2390
3547
3157
2992
-559
-1333
-1242
3902
-6441
5824
7666
8409
1043
-6146
9831
6876
-4255
-6678
6707
148
-2080
8883
8714
-6743
-7692
-5189
5219
-2398
-3995
-6238
2997
-6064
2471
-4220
-5406
3861
-6824
-9553
-583
5847
-7948
-6161
9743
-9635
-6195
-6428
-7834
1782
-6242
3108
393
-6311
5150
-8158
-686
9152
-6896
6599
3477
-8193
-1073
-126
-241
-9235
173
2299
-8641
-5265
8413
-9763
8750
-5109
4552
-6560
-1374
605
-1485
6694
-4554
-5317
-5455
3199
-1683
-3930
6557
-8487
8706
-3444
7186
6000
3885
6526
2157
3259
1537
5749
8433
7056
2744
-3998
8669
-6968
-1762
-7019
266
9492
-4282
6093
-6461
6426
-8681
-5251
8366
8753
-6453
8778
7802
3386
-489
-1681
-7133
5934
-4900
-7738
-7262
-1870
-6629
-9966
-6056
778
-6104
-1059
7606
8157
3808
3022
-6431
6326
1830
-3762
5466
-51
-1103
-9154
-1726
7150
-6105
-5738
-6439
-2291
534
2487
9904
-4671
-6449
2296
-5274
4042
-2189
9075
6805
2471
6908
-8129
-8766
-6838
-2554
504
8771
-5678
-6260
2730
6950
-6059
1845
-6812
8908
-7373
18
3113
1531
-6700
6834
3725
6575
-1283
3929
3915
3613
1557
3264
7551
3289
6906
-4982
-7196
1003
-563
727
2337
-6011
-6417
4600
-3758
-6340
2943
1212
6515
3262
3560
3831
-4425
-7051
-3642
8328
-7520
8903
9030
-1553
-8038
2449
-8253
7862
-528
2919
3649
8615
-2952
-4989
-1224
-4561
-2268
-1244
1507
-3049
2536
3662
4130
7487
1846
1271
3607
1704
-2312
1773
218
-2755
-9445
-7513
-6193
-6730
6492
-1224
-9071
-2030
-5978
6677
9041
-1535
7897
889
-9426
-8813
-5093
8978
-6433
7583
-1045
-1685
-1967
8145
-9351
9065
3914
-5948
-1268
-4122
3821
852
1672
-1161
4352
7031
8133
-8979
3965
-6495
-7959
-3178
1549
-172
3999
845
3503
-2210
-7782
845
6300
-962
5185
8156
705
-6777
1642
6232
2392
746
-2189
3237
-7334
1672
-123
7792
-4673
-9152
3778
-6242
362
-2030
8954
4498
7885
4218
-3985
-1408
-8908
2454
3066
8615
7089
-9582
-7082
3536
-7068
8724
-9936
648
8019
-938
9027
1131
222
2181
3523
-2193
-5446
-2030
-962
1271
7832
-8717
-3014
-2816
283
5063
5435
9092
9926
-5953
-7727
-1168
-3468
5855
4053
-1116
1724
-6422
239
-9761
-6336
3053
375
-8975
-8519
8029
-2524
9454
3919
-6486
316
8113
-8634
6300
-415
-6652
-6824
7218
6997
-6800
8615
-6450
8294
7947
-8187
-404
4266
6831
4052
8286
-3121
5903
4123
-2132
-3435
7394
-7311
4004
8510
2904
8526
2224
1336
3430
-4689
-3962
-9084
5928
-9289
1512
7925
-6169
6297
1330
-1797
7056
-399
-1317
-8276
-2946
2588
-7022
1
5602
8806
-8856
2311
-8894
8070
-3205
-4091
8107
3550
2181
8707
-558
-531
-927
-4352
-2901
7487
-369
4187
-712
829
-6305
-817
6356
3470
3622
8694
-2573
9151
-9581
8708
5152
-56
3108
6893
-2249
6852
-412
6697
-3828
937
-340
-1571
8100
-1048
-5245
4043
9470
2678
1320
1111
9316
2543
-808
5836
-1181
-2554
-5874
5401
4047
-6038
-6468
-1723
-9961
2288
2737
-5858
8502
-2929
3858
-2055
-7701
-8487
5534
-9446
6966
3696
-5846
-508
8162
4160
-8526
7309
-2272
-6395
2279
9928
3692
2338
-817
2740
5024
-840
-6351
-9073
-7547
3686
9203
-6156
-6751
9286
-5895
-6792
-5851
8476
7674
-3761
-7549
-7743
1339
2997
3733
-7624
6177
-8329
-2272
6483
4123
-6942
9902
-3619
-5780
-6179
-8742
-9117
-6661
8038
-3796
8732
-1778
-5119
-948
-4866
7359
-8645
3871
3693
-829
5959
-3928
-5802
8709
1557
-8087
-2479
3988
-5889
1565
2707
7487
2797
-5627
-7075
-8415
1947
-5818
-2506
3084
8169
-7702
8420
2290
-2384
463
-2800
-6143
9113
-4125
1497
8622
6966
1789
-1740
-4889
8019
2063
634
-361
-1747
-8681
2016
-7635
4011
5069
-5738
6948
5923
-2551
4184
1046
7914
-1086
-765
3366
6649
-1056
9154
6443
8846
-796
-7823
5588
2151
-8811
9199
-2722
-764
-7508
-598
3933
-7408
2201
-5793
5067
-5192
8003
8268
4293
-6068
4810
-5935
-6193
-784
-1101
-5442
-5979
-4600
-5727
8326
8865
8166
-8225
1511
-5970
-6089
-6942
-9073
1010
8021
9249
4202
-714
9020
-6645
1778
-3507
-5695
-839
-1723
2121
316
-593
-9883
3824
5019
-5846
3383
-7380
-5738
8137
1271
8732
9298
4296
-8894
7394
6921
7606
-5990
1961
-6430
3870
8441
1916
8246
8407
8363
-5813
9325
858
9688
-5940
727
5602
-6118
3052
-726
8122
1778
-5776
2610
-7505
-8698
7884
4931
9931
-818
-3014
3740
-4414
-5659
-119
530
-1096
9708
9535
-3049
-7017
2565
2588
6677
6503
-832
5790
5474
-5697
9985
326
3060
-1457
-7748
-5339
-1031
1338
-6408
2121
1837
5380
8062
2992
9318
-1237
-8249
-7996
2368
3836
-8977
7453
3983
3915
-8225
8332
2439
836
-530
-8886
3925
-1118
1995
2707
532
2781
-8567
3247
-3960
-1095
2305
-7198
5833
3667
-7681
8630
-1640
8898
-5398
1401
4269
9077
-5847
7927
9161
5931
4087
6121
2101
-6723
4359
-9356
7332
-8742
-1401
-7673
9576
-992
-628
-6843
7654
7394
6562
-7539
7406
-6422
1788
-1702
-6271
6948
-9964
1778
4632
-1843
-5701
8523
-6557
205
9352
7210
7935
-9035
4419
-859
-1245
-3796
4335
5824
503
1778
-638
-5867
-6675
-4216
-6822
-2782
2224
-9501
-6654
3052
-5599
-654
770
9425
9087
-1221
3824
-1867
-6585
-8269
8668
-8492
6032
-2503
8523
4208
-4323
2636
-1341
2059
-593
3370
4488
-5643
-7914
-5979
9065
-1118
-1035
5399
5049
-1424
-5642
-7257
8169
1758
8541
6921
4415
1890
-2565
2256
-7103
-5894
7289
-5579
-706
-5009
8523
7704
5526
4224
1507
9635
-7775
5423
-6792
7116
3588
-9408
-1599
-1641
-8414
-6807
7573
9249
-9574
3370
-583
-1649
8097
4094
-175
-8851
5474
1106
9462
8865
5847
-7405
3486
-1847
5369
-6338
2629
6852
9431
7958
-1230
5163
2520
8206
-6070
2193
-545
-4138
-8781
9132
3102
8343
-1264
-560
3541
5884
2805
-9346
8021
-1056
133
4026
-5429
4038
3234
6588
-608
-509
3060
-7655
5980
-9350
6588
4026
-731
-2524
-4036
4462
6223
6514
4035
6597
-6758
-5810
-2330
-9738
2397
-7955
-453
-5247
3870
-7615
-2699
-7624
9457
5039
-893
-1221
-601
2890
9312
8205
-7921
-2675
8896
-5559
8906
4028
-5890
8134
934
-5512
-2215
9132
-2615
-2768
-4069
6306
-521
9235
8989
-2642
4958
8390
3804
-648
-7759
-645
-6093
-2460
7837
-6055
-1530
-5470
-2813
2679
3809
2465
1111
-4136
7668
-5499
-849
-2479
-135
-7197
3198
-5753
-5857
9436
1179
2385
-4450
-8717
4099
-547
-726
2391
-22
2366
4514
8592
5787
-9293
-1278
9029
6443
9298
-3652
5931
6997
2805
8328
4080
-5940
5539
3788
4848
-1850
-9760
9541
9489
-4685
9915
4415
8456
-4448
2617
2678
-7681
355
-9331
-6802
-5479
-1118
8343
-6912
-8249
1672
-3210
-2384
-472
8390
218
5770
9274
7479
-1641
1465
4321
6921
4433
-1046
1004
2256
4382
2866
-1218
7995
-5762
-562
9152
1616
3302
7487
-4909
-3133
-2884
-7697
-7612
8355
3766
-7066
-417
-3928
-4845
-463
-2629
-6205
-6972
-8246
-5601
2208
-8857
-5595
-8253
2337
7363
-1629
528
-6687
6872
544
-2781
-6034
3199
8903
-3365
-9270
9840
7856
5648
-5933
2190
4426
-6038
-7318
-2255
9584
-4801
-7881
-843
-7939
1890
9708
-4347
4963
2607
-1704
-8240
9059
6068
9302
6000
3172
8003
-5460
-6394
4525
4035
-9152
-8461
-3333
-6335
8816
-2644
3884
-1746
-508
4094
1649
-996
-1217
-2549
-5935
-6104
7789
-4105
-1055
-6822
-7583
-3576
-7775
1789
8296
-6841
-9089
-1499
-8452
4480
-2132
-852
-802
2595
-5119
-3568
-6810
6297
6122
7949
-3490
4521
-5009
8797
4620
3782
-5178
-559
2529
-7302
-1141
-8656
3014
-6242
-6230
-1615
-6389
-1213
8360
-7701
9065
-2096
8997
3108
-5599
-996
-460
-5678
4497
7266
-4811
4294
-6597
569
-6654
-5435
2701
1723
-2623
650
-3121
4236
-4644
7577
9580
-2657
7606
-9940
1593
-5815
-6132
-4542
9030
-7195
4620
6342
3113
8838
-5908
-322
-362
-421
6921
9458
4079
-1042
-5615
-751
-3611
-5345
-543
-7195
-5340
727
2362
-1587
9649
382
-4149
4037
-6230
9362
7910
-5362
-480
3734
-5935
-2777
-8468
-9266
-7612
-6182
-5987
845
-5430
8815
7654
4542
-5807
-524
4315
9065
4274
-1759
-1073
-3046
-6191
-557
961
1565
930
-948
4528
-1164
-1706
-6968
-3023
-5796
-2205
-8362
-1313
-8821
-6571
9099
-5466
-8247
-795
-5567
2620
-5339
171
9586
-7129
-523
-1880
2178
-5627
7908
-7775
-532
-6652
4224
4129
2279
-6108
708
-6998
-3410
-2008
2565
-8079
-6166
-6025
9708
899
7905
6970
4116
-5318
9147
-2392
-401
2279
-5868
-732
4688
7486
2499
-7198
-119
1003
-4891
-4138
-301
-5306
8133
9609
-4339
2848
-813
9209
-6038
9348
-6448
-917
3561
1228
-222
-8618
-784
6474
-1485
-2549
-5953
-1102
8243
4620
8753
4266
-6154
-5881
3242
7994
-2644
-5466
7265
-4886
9649
1773
4542
2039
-7184
-5935
2890
-1436
-608
7837
-537
-446
9482
9541
5893
-1407
2216
2969
-5681
-1970
9605
8487
8605
-5433
4686
-2863
-7134
7928
3106
-1118
-4728
9726
-2565
4441
-1970
2885
5952
-2215
3058
-9637
-7343
-545
6286
3229
9424
-967
-6893
8519
9522
7897
3805
3887
-714
-365
-962
-8590
-7655
1830
-6305
-247
-3538
5051
-4136
-974
9286
4481
3884
-6758
7885
2536
-8356
5159
-2193
-4377
-5289
9473
-5680
-1168
4094
3180
2598
-6062
8997
9660
-967
4036
9272
-9031
650
-261
-6319
314
1867
7499
-3146
7055
-7172
8846
4284
511
-5436
4141
8629
2973
-6573
-5234
4525
-7630
1244
2256
3569
-6089
-5857
686
-5299
3758
3863
-2336
8430
-8787
4038
4620
-375
4766
691
2971
-4014
-7129
7999
-2209
-5460
4336
1102
3213
9610
-5461
7560
8965
-7612
-6573
8235
-9223
-5251
1191
-2480
-7449
-8893
-8007
859
-6991
9945
-1408
3923
-7391
4629
-5748
-2623
4191
9692
5691
6631
7508
-208
8308
-8356
-5318
-941
-7109
-3796
1714
7994
-199
-2141
-5339
-5615
-3821
5134
-5082
-5738
3029
-1945
-215
9295
2602
-5256
-2725
1919
-1094
-6336
8592
9341
-6213
-6321
-8836
-5847
-2173
8893
-1715
4327
320
4829
5488
-489
-906
7766
2881
-5274
6335
-8775
-1870
-6389
-3342
4804
-5186
-1602
332
3943
5011
-8526
4410
-7335
4657
-2800
9354
6387
-8390
16
6469
6203
8816
-4109
7927
9051
8891
4006
194
2314
-220
9726
9825
-7141
-532
3383
-580
7585
9629
1846
550
-714
-1769
2888
7394
-2460
-7103
4301
5965
4637
-330
9286
-1673
-8299
-2713
2489
-4968
4096
-171
9354
-7983
5674
-1765
-5242
9721
6203
1919
3936
8402
4582
1995
1639
-6627
-3041
7017
9337
-6577
4415
-171
9706
4298
-3178
-3554
2790
7928
-547
-9684
-2888
-332
-6575
5761
-3333
-1887
9846
-2694
7884
-1168
7425
1122
4316
-714
777
-9340
1565
9811
8753
-7195
-4136
-9781
7925
-1967
-5643
7596
-9071
3909
-6924
-5114
2943
3953
-3023
8959
-254
-8326
-3886
-4147
-5395
-1875
-175
8106
-417
-6577
-9617
4053
6921
-2415
3073
6051
7150
-7758
9692
-4409
3667
-2347
649
9043
6979
-5217
3921
3522
6458
-7885
4743
7759
339
5309
4094
-5111
-237
-9223
-85
3932
-9323
-125
-2030
-9070
8937
-512
8850
-6840
-5106
-248
9406
8895
1097
-1493
7541
-571
-958
5615
-8299
-521
-5512
-249
-5251
-135
2195
7928
4902
7964
9594
2406
5309
-7637
553
8893
1550
7396
2130
2757
-5196
3363
-5435
4805
-7192
4686
-6632
-6235
-8356
7499
-6056
-1046
1219
-6250
-5393
3029
-4181
407
-5867
9637
8079
-726
-99
4654
4118
8390
-5468
337
-837
2610
3385
2252
4238
-2646
-5489
7507
-5913
1788
-270
-1022
7820
2848
-6780
-9874
378
8003
-8535
5245
-5306
-2189
9726
4094
4886
-5109
-2800
-9021
-5874
5193
6336
-58
-1747
4542
-859
-254
8979
8012
7309
8475
-9873
-1612
4931
-3154
3366
8254
-1460
-2229
-5103
-6486
-153
4766
-4379
9950
-476
-1777
-5522
9517
9905
-5078
-3044
9814
4866
-5052
-1084
8582
-967
9441
-1400
9612
-6341
-1996
-108
-6083
-5178
3611
-2255
2486
8953
-9992
-6461
4814
6028
-4064
-8207
-5075
-4290
-9190
9263
-369
4982
5571
3516
-137
8718
78
9482
-5874
8785
5835
-8170
7669
-9906
9300
6000
-8590
8990
775
-45
-1981
8537
4585
-967
-6991
-8643
-94
-824
5752
2290
214
9721
4079
-1306
8074
3702
9681
8070
-449
-2597
-301
9029
-7094
-618
9726
-175
2701
4839
-5302
6562
-1408
9611
-345
7573
-5196
-1358
3648
-7915
9305
-3333
959
4316
2826
-7624
6326
-7630
-5130
4552
-5043
8301
-8951
2740
6966
2471
3761
-7154
3058
-105
4625
-5010
-6642
-2210
-8390
4326
-5753
-7775
2748
2969
4381
3301
-1996
-3473
-2025
3768
-5479
-5627
-6557
-152
-105
-31
-5837
-8827
-126
-3805
7151
